5094
9516
8514
2774
2116
15879
891
4439
3366
7080
5123
3247
2234
6923
2802
1878
5166
2731
3267
5376
2392
1526
2718
1927
853
4339
5727
1879
7120
3366
3124
3479
4442
3331
5144
6694
2034
3650
7927
1362
9315
3119
1771
2207
1487
1270
3603
3495
5764
3404
6587
2960
2312
882
3816
1588
11935
2346
1368
2687
2892
1947
3411
11431
4370
6756
2362
6515
4454
1392
673
2244
3963
1528
1732
7826
3763
1318
2780
2344
7966
4835
3694
2799
2518
2967
2570
4432
663
2134
5296
1871
2780
2060
9974
4172
4022
3835
7008
2564
3754
3603
676
8575
5588
9775
2184
1376
803
2152
3042
3803
6091
5831
4927
2280
3806
3491
4282
3828
6087
2366
1694
7739
2096
4319
1482
2092
2072
1852
7059
2091
4447
6856
1219
2566
3287
2839
4030
6327
3923
2651
4163
1947
9124
1570
3315
3602
2895
3523
3351
4172
4603
11403
11314
1734
1719
3086
1031
2056
1595
6438
5235
1651
3232
4134
3390
3606
766
1770
6078
4040
2444
4555
2407
3807
3119
1052
2950
2132
1264
4915
2531
2323
4407
5075
1691
4068
3283
2083
5690
5320
4251
1427
3298
1409
1485
9379
1679
2498
9636
2948
5815
7559
3678
9323
1438
1738
3387
1832
4059
1548
1888
5280
3759
899
4516
3920
8835
3116
3011
4955
8771
3155
903
1460
3488
1287
2243
1696
2827
1444
5595
4798
4050
1438
5755
6363
3632
2090
2643
1852
1358
770
3675
2970
3239
2923
5798
6131
2120
1403
568
4670
3482
1722
3792
615
4599
2048
2750
3247
1724
3504
1812
1388
3810
1272
699
5311
2399
6744
3075
5283
1115
8287
1372
4386
999
2336
2906
6719
3570
6926
2075
6919
4388
2098
5014
1880
1400
3027
2527
5523
3567
1356
1699
2032
4914
6442
2204
1864
1102
1351
5166
6518
5167
1215
8591
1887
3876
6439
1444
1678
2219
2556
6598
6039
3444
4763
5287
803
5086
2318
748
1388
1696
5364
8096
3143
3008
2671
4935
1315
2372
4580
2967
2384
2219
4058
3038
912
2807
4004
7523
9328
4848
12175
6483
8483
2699
6235
5407
1092
3502
2574
8386
4371
6198
5039
3188
1987
4416
6894
3135
1726
5638
5030
1886
2366
2968
2471
11415
2715
3639
1650
2515
3206
1882
2958
4359
1298
2711
3486
5074
5602
1061
7223
4739
3380
2324
2600
2367
2524
14158
2002
2040
4334
1844
3279
2799
1812
2710
4392
1930
2071
4168
7799
1184
9695
3292
2518
8287
2083
3591
2696
2070
2876
2682
1123
6443
3144
11662
5842
2202
1362
2015
6599
2803
1017
4574
3366
3335
1990
3334
11667
3819
5159
849
3230
2318
6926
3616
3062
3770
6060
4098
1680
9572
1392
2366
3106
4832
4462
1951
1682
3272
5178
3636
6558
1936
3083
2359
827
3730
2283
4126
1530
1239
3522
5282
2791
1899
1758
2870
968
3478
2758
1290
4724
634
11028
3627
3306
6411
1795
2779
3839
1763
4399
2411
1799
588
7819
1146
2648
6079
687
2944
2098
4131
9116
2830
3810
4651
958
2047
2038
1911
5322
959
3372
3744
3942
1508
2454
4447
2718
1751
2364
3628
1868
3155
998
2920
1288
1803
5355
2914
2691
3527
7996
4896
3224
5028
4094
2842
4416
4338
4444
4304
3859
1683
1400
4256
872
1963
1832
2491
2955
1096
4423
3006
1283
1487
14955
1374
4479
3442
1408
4747
3860
1234
2328
5307
988
1690
5687
3700
4867
1919
3248
5562
1292
3515
5946
9051
776
8379
913
2787
5712
4478
1562
3290
1020
6488
1684
2032
2584
12943
3376
5122
1147
1167
3892
4958
3563
592
1215
3722
13515
2198
2084
1580
2510
763
2439
4724
3598
1716
5672
1130
1767
3550
1935
4351
3738
1216
616
1251
2386
5055
1606
5475
2202
676
5119
2888
3966
2671
1575
2952
1164
1807
1371
6039
2270
1492
2318
1206
1514
5650
2144
4206
1648
2282
4206
2547
1446
3016
9395
1955
3530
3602
3114
4780
1155
839
8167
4980
5578
4114
3047
4003
6727
2436
2596
3214
2750
1511
2228
1342
3978
6039
1966
4439
1315
7359
8459
6643
4747
3047
3919
3614
1652
4955
1112
5411
830
3567
3155
1374
1896
2095
1323
3616
1951
3095
3355
1512
1578
2188
1136
4583
1298
2675
3636
2283
1160
1854
2546
971
3874
3352
1130
3966
2612
3356
1348
716
4371
1695
6271
4174
2866
4784
1943
3842
4491
775
940
2207
5687
1484
2003
860
3410
7134
1304
2735
2359
8047
5230
2344
2360
1900
2974
3791
1844
1674
3015
2470
8040
3091
2279
1999
1499
910
3839
2054
2368
1312
2204
3064
4975
3936
6991
1746
3374
5918
4563
2396
2967
2403
15835
8211
3274
1602
13563
1178
3603
2988
2607
2359
6974
6710
4082
1280
1406
1600
1970
3032
4530
951
2528
2155
4962
2695
4475
2519
974
7244
7088
2783
6642
2007
6524
2148
5683
6676
1239
3370
4683
1164
4664
8760
2690
1131
5286
1914
1770
11279
1984
1543
1144
2211
6512
1662
5871
3784
3220
2508
4047
2224
5347
4540
1168
4712
2830
8507
10851
6082
21443
2874
2486
2319
5531
2639
1460
4711
3919
1803
3675
4763
4682
1603
2548
5858
4842
1478
2490
4508
5047
5294
6515
7359
1987
588
2039
3275
1935
3380
5294
4046
3632
6850
3519
6163
8796
777
1522
3559
4151
1443
1574
3522
1322
1439
1824
3344
1746
5086
1974
2318
4366
2711
3967
3919
1455
3323
2472
2647
3082
754
14927
12091
5118
2367
1946
4880
5892
4359
3398
4960
3566
3051
4634
2256
2108
1107
3520
1204
4618
2230
2998
1412
468
4058
2598
3923
2155
1331
4831
1131
1566
4384
3530
959
1447
8363
2592
1970
4415
5227
2686
1726
4518
4442
6055
4834
2291
6514
1160
2371
2563
3395
5714
2320
1744
2976
1807
7322
808
3231
2019
4354
3762
2806
5243
1231
5694
2256
2391
1150
3043
5559
4384
2778
1816
7311
2974
5124
1550
1892
1948
1467
2027
3071
3686
1128
4707
884
1560
723
3723
1473
4516
2299
2156
